0    0    0    0    0    0    0     
14    14    14    14    14    14    14     
9    13    8    13    5    2    4     
0    9    4    5    1    8    3     
0    0    9    8    7    4    3     
0    0    0    5    12    12    11     
0    0    0    0    11    6    3     
0    0    0    0    0    7    11     
0    0    0    0    0    0    9     
0    0    0    0    0    0    0     
debut de cliquer carte
position clic : 1264 147
debut de emplaclicable
emplaclicable : TRUE
fin de emplaclicable
debut de emplaclicable
emplaclicable : TRUE
fin de emplaclicable
debut de jeu ou haut
fin de jeu ou haut
0    0    0    0    0    0    0     
14    14    14    14    14    14    14     
9    13    8    13    5    2    4     
0    9    4    5    1    8    3     
0    0    9    8    7    4    3     
0    0    0    5    12    12    11     
0    0    0    0    11    6    3     
0    0    0    0    0    7    11     
0    0    0    0    0    0    9     
0    0    0    0    0    0    0     
0    0    0    0    0    0    0     
14    14    14    14    14    14    14     
9    13    8    13    5    2    4     
0    9    4    5    1    8    3     
0    0    9    8    7    4    3     
0    0    0    5    12    12    11     
0    0    0    0    11    6    3     
0    0    0    0    0    7    11     
0    0    0    0    0    0    9     
0    0    0    0    0    0    0     
0    0    0    0    0    0    0     
14    14    14    14    14    14    14     
9    13    8    13    5    2    4     
0    9    4    5    1    8    3     
0    0    9    8    7    4    3     
0    0    0    5    12    12    11     
0    0    0    0    11    6    3     
0    0    0    0    0    7    11     
0    0    0    0    0    0    9     
0    0    0    0    0    0    0     
0    0    0    0    0    0    0     
14    14    14    14    14    14    14     
9    13    8    13    5    2    4     
0    9    4    5    1    8    3     
0    0    9    8    7    4    3     
0    0    0    5    12    12    11     
0    0    0    0    11    6    3     
0    0    0    0    0    7    11     
0    0    0    0    0    0    9     
0    0    0    0    0    0    0     
